0.000000 0.814491
0.012121 0.814256
0.024242 0.813550
0.036364 0.812375
0.048485 0.810732
0.060606 0.808624
0.072727 0.806054
0.084848 0.803026
0.096970 0.799545
0.109091 0.795615
0.121212 0.791242
0.133333 0.786434
0.145455 0.781197
0.157576 0.775540
0.169697 0.769469
0.181818 0.762995
0.193939 0.756127
0.206061 0.748875
0.218182 0.741250
0.230303 0.733263
0.242424 0.724925
0.254545 0.716248
0.266667 0.707245
0.278788 0.697929
0.290909 0.688312
0.303030 0.678410
0.315152 0.668234
0.327273 0.657800
0.339394 0.647122
0.351515 0.636214
0.363636 0.625092
0.375758 0.613771
0.387879 0.602265
0.400000 0.590590
0.412121 0.578761
0.424242 0.566793
0.436364 0.554703
0.448485 0.542505
0.460606 0.530215
0.472727 0.517848
0.484848 0.505418
0.496970 0.492942
0.509091 0.480434
0.521212 0.467909
0.533333 0.455381
0.545455 0.442865
0.557576 0.430374
0.569697 0.417922
0.581818 0.405523
0.593939 0.393190
0.606061 0.380935
0.618182 0.368771
0.630303 0.356710
0.642424 0.344763
0.654545 0.332942
0.666667 0.321257
0.678788 0.309718
0.690909 0.298336
0.703030 0.287120
0.715152 0.276078
0.727273 0.265219
0.739394 0.254552
0.751515 0.244082
0.763636 0.233818
0.775758 0.223765
0.787879 0.213929
0.800000 0.204317
0.812121 0.194931
0.824242 0.185778
0.836364 0.176861
0.848485 0.168182
0.860606 0.159745
0.872727 0.151553
0.884848 0.143606
0.896970 0.135907
0.909091 0.128456
0.921212 0.121253
0.933333 0.114299
0.945455 0.107593
0.957576 0.101134
0.969697 0.094921
0.981818 0.088953
0.993939 0.083226
1.006061 0.077739
1.018182 0.072489
1.030303 0.067473
1.042424 0.062687
1.054545 0.058127
1.066667 0.053790
1.078788 0.049671
1.090909 0.045765
1.103030 0.042069
1.115152 0.038576
1.127273 0.035282
1.139394 0.032181
1.151515 0.029269
1.163636 0.026538
1.175758 0.023983
1.187879 0.021599
1.200000 0.019380
