305.610	133.787
294.292	139.972
314.264	129.162
327.136	126.625
470.927	123.337
480.213	123.841
517.404	130.426
535.014	136.331
553.562	150.558
629.272	195.391
633.490	203.185
679.567	285.457
712.659	380.308
631.986	604.409
625.285	612.170
612.374	624.573
237.273	170.154
222.592	183.877
214.299	197.239
202.948	216.211
179.109	242.281
148.627	511.014
144.920	496.059
144.920	474.375
377.879	704.213
409.490	704.213
144.320	348.694
142.239	367.674
140.942	396.967
710.786	435.351
291.058	678.392
208.671	616.595
386.260	120.288
353.496	120.288
557.212	653.835
535.823	664.877
469.831	699.644
453.429	703.781
164.516	277.303
165.021	285.489
146.497	318.904
143.079	359.184
